         0.005000000          0.999999687          0.000000530          0.999999601          0.003486055
         0.015000000          0.999999279          0.000001019          0.999999029          0.003486055
         0.025000000          0.999998590          0.000001966          0.999998062          0.003486054
         0.035000000          0.999997260          0.000003809          0.999996195          0.003486052
         0.045000000          0.999994754          0.000007289          0.999992678          0.003486049
         0.055000000          0.999990094          0.000013743          0.999986137          0.003486042
         0.065000000          0.999981573          0.000025499          0.999974177          0.003486030
         0.075000000          0.999966263          0.000046530          0.999952692          0.003486008
         0.085000000          0.999939263          0.000083455          0.999914802          0.003485970
         0.095000000          0.999892551          0.000147036          0.999849254          0.003485905
         0.105000000          0.999813336          0.000254327          0.999738100          0.003485793
         0.115000000          0.999681764          0.000431615          0.999553494          0.003485608
         0.125000000          0.999467915          0.000718229          0.999253467          0.003485308
         0.135000000          0.999128085          0.001171173          0.998776736          0.003484830
         0.145000000          0.998600576          0.001870269          0.998036812          0.003484088
         0.155000000          0.997801440          0.002923224          0.996916092          0.003482963
         0.165000000          0.996620970          0.004469627          0.995261027          0.003481299
         0.175000000          0.994921977          0.006682649          0.992879917          0.003478901
         0.185000000          0.992541059          0.009767128          0.989545041          0.003475533
         0.195000000          0.989293862          0.013953050          0.985000597          0.003470927
         0.205000000          0.984984769          0.019484179          0.978977131          0.003464794
         0.215000000          0.979420525          0.026602676          0.971211724          0.003456838
         0.225000000          0.972426205          0.035531649          0.961471622          0.003446785
         0.235000000          0.963861098          0.046458355          0.949577649          0.003434396
         0.245000000          0.953631746          0.059520839          0.935423268          0.003419494
         0.255000000          0.941699901          0.074800126          0.918985804          0.003401971
         0.265000000          0.928084212          0.092318834          0.900328028          0.003381798
         0.275000000          0.912855880          0.112045740          0.879590430          0.003359020
         0.285000000          0.896129617          0.133904778          0.856976341          0.003333745
         0.295000000          0.878051959          0.157786440          0.832733116          0.003306130
         0.305000000          0.858788967          0.183559651          0.807132635          0.003276369
         0.315000000          0.838514951          0.211082622          0.780453728          0.003244671
         0.325000000          0.817403216          0.240211800          0.752968048          0.003211253
         0.335000000          0.795619233          0.270808613          0.724929957          0.003176326
         0.345000000          0.773316123          0.302744086          0.696570206          0.003140090
         0.355000000          0.750632136          0.335901670          0.668092781          0.003102730
         0.365000000          0.727689637          0.370178705          0.639674115          0.003064410
         0.375000000          0.704595165          0.405486919          0.611463933          0.003025280
         0.385000000          0.681440163          0.441752335          0.583587054          0.002985467
         0.395000000          0.658302081          0.478914852          0.556145723          0.002945084
         0.405000000          0.635245628          0.516927750          0.529222078          0.002904227
         0.415000000          0.612324039          0.555757226          0.502880595          0.002862977
         0.425000000          0.589580246          0.595382106          0.477170350          0.002821401
         0.435000000          0.567047975          0.635793679          0.452127111          0.002779554
         0.445000000          0.544752843          0.676995438          0.427775394          0.002737478
         0.455000000          0.522713943          0.719001593          0.404131023          0.002695209
         0.465000000          0.500947590          0.761830264          0.381206084          0.002652784
         0.475000000          0.479479881          0.805474751          0.359023387          0.002610278
         0.485000000          0.458398510          0.849775796          0.337672362          0.002567951
         0.495000000          0.438124098          0.893738241          0.317590613          0.002526998
         0.505000000          0.421339738          0.930735738          0.301482123          0.002494385
         0.515000000          0.420796499          0.931508701          0.301149454          0.002494849
         0.525000000          0.420961188          0.930589280          0.301535203          0.002497068
         0.535000000          0.421114025          0.929613504          0.301946386          0.002499565
         0.545000000          0.421033640          0.929024312          0.302193983          0.002502092
         0.555000000          0.420764746          0.928607225          0.302368562          0.002505138
         0.565000000          0.420243456          0.928302507          0.302495212          0.002509296
         0.575000000          0.419338593          0.928066325          0.302592366          0.002515518
         0.585000000          0.417835968          0.927875302          0.302669757          0.002525210
         0.595000000          0.415445570          0.927715123          0.302733224          0.002540272
         0.605000000          0.411829710          0.927576769          0.302786281          0.002563025
         0.615000000          0.406656611          0.927454037          0.302831124          0.002596014
         0.625000000          0.399671180          0.927342321          0.302869083          0.002641718
         0.635000000          0.390766284          0.927237791          0.302900838          0.002702201
         0.645000000          0.380034021          0.927136721          0.302926486          0.002778748
         0.655000000          0.367780355          0.927034792          0.302945478          0.002871510
         0.665000000          0.354496597          0.926926185          0.302956413          0.002979219
         0.675000000          0.340793587          0.926802278          0.302956645          0.003099013
         0.685000000          0.327314475          0.926649640          0.302941596          0.003226473
         0.695000000          0.314646427          0.926446917          0.302903661          0.003355954
         0.705000000          0.303249531          0.926160006          0.302830474          0.003481238
         0.715000000          0.293414332          0.925734750          0.302702276          0.003596406
         0.725000000          0.285250718          0.925086148          0.302488047          0.003696714
         0.735000000          0.278703194          0.924082956          0.302140025          0.003779207
         0.745000000          0.273582870          0.922526350          0.301586228          0.003842881
         0.755000000          0.269605198          0.920121206          0.300720623          0.003888385
         0.765000000          0.266424095          0.916438369          0.299390722          0.003917411
         0.775000000          0.263656290          0.910866090          0.297382672          0.003931985
         0.785000000          0.260893525          0.902548785          0.294404596          0.003933830
         0.795000000          0.257703779          0.890311859          0.290070369          0.003923891
         0.805000000          0.253626005          0.872573648          0.283888938          0.003902016
         0.815000000          0.248166497          0.847251736          0.275269574          0.003866779
         0.825000000          0.240809807          0.811685613          0.263561996          0.003815425
         0.835000000          0.231063705          0.762630839          0.248161540          0.003744011
         0.845000000          0.218564953          0.696453438          0.228718135          0.003647996
         0.855000000          0.203275264          0.609811206          0.205477282          0.003523819
         0.865000000          0.185778591          0.501400828          0.179715326          0.003372281
         0.875000000          0.167600934          0.375562313          0.154046379          0.003204125
         0.885000000          0.151194638          0.246934851          0.132028986          0.003044158
         0.895000000          0.138940131          0.138795941          0.116467908          0.002922220
         0.905000000          0.131531142          0.067316163          0.107524371          0.002849789
         0.915000000          0.127803596          0.029415631          0.103185708          0.002814562
         0.925000000          0.126146190          0.012126317          0.101294566          0.002799280
         0.935000000          0.125457341          0.004857357          0.100515359          0.002792998
         0.945000000          0.125180257          0.001918347          0.100202961          0.002790481
         0.955000000          0.125070539          0.000751703          0.100079405          0.002789485
         0.965000000          0.125027456          0.000293017          0.100030908          0.002789094
         0.975000000          0.125010620          0.000113815          0.100011960          0.002788941
         0.985000000          0.125004077          0.000044455          0.100004596          0.002788882
         0.995000000          0.125001345          0.000017658          0.100001522          0.002788857
